52538
47559
52525
52074
52531
52511
52072
47574
47533
52134
52076
52064
41372
52070
52066
41379
52062
41849
52146
47652
52068
46446
52080
54689
47551
52078
52477
54617
41844
52499
41836
54673
41334
54619
47624
52159
54616
52156
52222
52223
52249
47623
52441
52457
47608
41812
52224
47638
41366
47589
54608
54675
47546
54597
54687
47625
47627
47626
52152
41751
52428
47669
52393
41179
47665
52379
54649
46459
47929
41169
41749
47647
54595
52459
53940
54669
54646
52445
53937
41189
54636
46509
41069
66706
54439
47906
41747
41748
54668
41068
52385
47661
52396
54457
54611
52353
46419
47918
41063
41239
52355
54614
47877
53949
52382
46519
41061
47509
52372
41199
54453
54612
54441
41066
52349
41065
54666
41236
41238
41363
54310
66693
47475
54634
50181
46487
54456
46399
54589
54298
47839
50189
54331
41352
52351
46499
47804
53925
54308
47506
52399
66663
54332
54450
46395
52391
47803
41517
54329
52388
54311
47802
54655
54610
54584
47495
53894
54587
66780
47807
54657
54586
47805
41515
47798
54455
54570
53947
50170
54574
54294
47447
41564
54568
54309
50126
47799
53909
47445
54451
54459
54585
41516
47800
47441
54306
53945
40670
46562
47809
66798
54293
54578
46483
54647
54664
46485
50127
50171
47829
54296
54662
41472
46397
54314
40668
47239
41569
54290
54576
47199
41464
54292
66679
41462
50129
54295
47443
54313
54533
46414
54316
40667
47259
26757
66802
47228
66701
54529
41466
47229
47198
46569
41460
66740
47178
50374
49847
47139
54518
41469
50169
54318
46535
48691
40549
47179
66763
53902
54338
54317
41542
47226
54531
54579
46514
40474
54526
54344
41468
54429
41470
49824
53881
50259
66333
47059
46537
47166
40489
54320
40547
47119
66787
50226
47169
40221
47053
47249
54340
46325
40545
54343
47137
41540
47138
47055
53520
46539
54550
49843
54523
66809
40219
54534
40468
47051
46354
46348
47269
54341
66709
53879
40223
53919
66806
40213
66793
54552
49849
54427
40479
40217
47167
53533
47057
40476
50769
40477
66359
40225
47058
66352
40215
40212
46147
50354
40211
40472
40210
54346
66773
47279
66839
40227
54528
40589
40470
40239
41541
40233
40237
53534
66687
41539
40880
53539
40885
40591
50859
45478
40235
46049
46149
45479
45481
40231
40229
40629
45476
40878
66127
48703
40882
54516
50858
40625
50829
46244
50321
50765
46145
57540
40627
54421
46045
66822
40599
40593
50933
40597
40789
53913
66346
54413
54524
50767
46117
53332
46047
66265
45473
26571
46119
54426
54558
48683
49846
40883
46242
40699
54347
54498
45475
50827
53518
50935
45468
40595
66128
45470
40721
50937
46342
53505
54349
53359
46240
46359
50825
66620
50739
46282
45359
51371
53506
54411
46284
66292
45357
66126
45219
40764
45472
46236
50931
50939
46286
56767
66636
50737
50823
50997
40724
66571
49828
66115
42579
50969
45966
50735
50674
50672
48712
40723
40822
50389
45355
54538
50670
46238
45964
66117
56766
45149
45356
50676
50667
51373
50677
50733
45133
50968
66113
54497
54484
54487
54424
56769
50668
48599
42697
45144
50678
45145
45143
56826
54492
53340
45147
53347
54472
42781
45239
51061
50679
50996
66119
51105
56729
51063
48734
53859
51379
54422
42489
45131
54539
45141
45968
66111
45326
51143
45329
45896
51103
42799
56825
50999
66625
66287
66123
66557
66125
42699
66646
51065
49767
45127
45130
51149
45128
53501
54470
48527
54486
26723
42549
66121
56864
53508
42719
51377
51381
51069
45899
26736
56828
45894
51107
45897
48619
45134
42327
51067
66130
42551
45139
45327
45136
45138
53123
45768
66589
53125
45883
53507
51375
48455
42657
66271
55767
42655
66129
66280
53121
48529
51109
42329
56746
53119
45259
53117
48739
53343
45257
45309
66133
42553
56759
45881
48720
66132
45721
66649
56841
56761
51147
42653
56823
45307
53474
66299
54536
48653
45277
45276
51399
45891
51145
53127
51467
66386
56861
48531
45772
45701
51469
49733
45884
56814
66606
45770
55758
42659
42113
53115
42651
45892
53225
66131
53844
66578
45879
56859
45279
56858
45889
49835
42115
53111
51427
42555
53177
26506
53175
45289
66564
51519
56745
53113
53842
48607
48465
42111
53129
56727
45886
48249
66399
45888
56812
44866
53426
48624
56862
42117
42349
55765
66540
66583
45529
44867
45699
51465
56850
56843
44869
56651
44879
49744
53227
49762
66640
44653
53757
42109
53229
44649
56867
56856
51429
42105
42857
53840
42103
26759
51503
45659
49716
54483
48629
26548
44651
42929
42119
56818
53173
42107
53424
66538
49779
44793
53489
53179
26907
55768
42285
44652
42855
66453
45525
42853
42859
42369
42283
42281
53639
45549
45661
66629
56653
44795
45657
53721
56820
44797
44809
66440
26831
26721
66539
45527
26529
26906
44625
42287
51515
66459
45739
53797
56821
42275
56743
49808
51491
44807
26725
44629
44789
42289
26899
53604
53498
42279
26892
55779
45665
42277
44623
44791
44787
42899
45663
44628
56754
55776
53572
53619
48727
55483
48488
44799
56829
48493
66450
44801
53579
55491
26524
42389
56865
55743
53773
56736
26844
44803
42897
56659
56751
44627
45711
56253
26624
48612
44579
44805
42399
66916
58456
26826
53547
51789
55624
56645
48301
58332
48499
59348
48565
55777
53545
42499
56753
51688
66424
58455
56642
53819
66871
44894
53560
26632
44581
55487
44575
56656
66903
56626
44892
66482
66914
48366
26871
44577
53557
56294
56290
55774
42477
58300
66909
58256
58285
59399
26802
58452
26532
44388
49811
53804
49809
55481
56598
26553
53578
56869
56254
66901
45731
66500
53562
55756
48485
51766
66904
49777
56299
53809
58453
44359
56288
58454
56630
66484
56295
56332
44357
66869
44379
55608
58313
44149
55626
56637
56599
53567
26579
49740
26810
53577
58339
48329
48432
26789
44369
26909
58135
48480
66894
55471
49844
53783
44227
56567
56588
55490
58089
55606
66892
56330
56589
56648
55619
48431
66497
66907
26605
48341
49838
66501
26607
56220
26556
59379
49832
66882
56283
66887
49751
66885
58553
44536
44147
48308
44339
44225
51674
67744
48356
56575
48429
48282
44139
44137
51647
44229
56581
26903
58091
57635
26904
56564
67746
66879
58099
57632
55469
51709
44145
44534
48477
26603
66503
56154
58095
58097
51588
26465
44135
44265
56587
56218
44263
51570
44141
66507
56593
56579
66957
66851
48161
44143
66917
26487
59394
56072
56566
66509
58093
66989
66504
26629
56333
26427
44329
66506
44532
57641
51645
58579
26489
56291
44269
55629
26817
58566
66877
44267
55618
49774
48163
67742
58239
51643
44328
56281
26847
51545
79588
56584
66954
56075
56594
55627
79415
66849
56073
67754
56323
48268
44309
26835
26845
66987
67749
79395
56317
66919
58119
26897
67756
56070
44287
55566
55499
55621
56305
48496
67745
59368
49770
56307
59387
56170
79418
58515
57638
79424
48369
55569
67685
67686
56321
48159
66955
59192
55496
67753
57612
56271
44319
49757
79576
79206
79400
57614
79379
56179
79235
44289
79591
55497
26842
48149
26901
58769
79361
66969
55494
56341
79258
55592
58513
55568
79423
56068
58509
67752
56269
58642
55595
56340
79592
56112
51580
57589
59174
56191
56076
26849
48151
66953
66862
56316
56276
56237
79426
55432
59439
58540
79427
66976
79589
57610
58507
49479
48153
48165
49584
66978
66996
67757
56077
67734
67737
49626
79597
79595
48157
79241
48317
48147
26683
58640
56182
48143
79369
51702
67714
57639
67748
49509
56338
58511
67661
56322
59427
58762
56203
48155
79539
55430
58644
79639
59425
48145
49624
56329
79599
79367
79189
55596
67688
67700
79346
55590
79541
57539
56348
56337
56132
26409
26639
51597
79410
56346
67706
79540
55444
67827
57636
48167
58638
66981
58730
79291
59423
57577
79295
57537
56133
79112
67732
56206
55422
26670
26474
67715
26676
56204
56244
67707
49477
79282
79594
67829
79365
67759
79362
59077
56130
79227
79219
26446
67716
77977
55571
79429
67701
49599
79268
67735
49545
55442
48324
49637
58849
49699
58636
58791
67705
58708
56242
67659
55413
77966
79356
56235
79288
56357
79353
67822
59075
26689
67663
56335
49549
57489
79238
67718
67731
26169
48291
57587
79618
57644
66994
79585
56249
79341
55452
56355
79359
67806
67823
59199
55585
57629
49586
66999
58675
56349
49525
48346
67697
67699
56424
56410
49497
76891
58809
79111
77963
56379
56428
79224
51598
79692
57627
67724
56377
79292
56422
79336
67655
77975
67808
79232
77974
67657
76848
56427
56412
49577
77743
59067
79331
79244
67824
48351
67826
79689
77955
57581
58706
79364
79285
79283
58840
57580
55425
65391
58802
77972
59065
79110
57482
55593
79650
59073
77933
55583
59227
79279
79108
77971
79294
77694
49696
49688
67821
49492
26655
79276
57439
67811
79114
67678
58710
67722
59069
76887
76846
79299
57462
79669
59063
79115
57548
57520
79249
79280
57572
55545
26434
79312
67693
26441
79688
79100
57645
67727
79106
57584
77948
67471
76855
57642
59457
57258
57518
49638
79739
26419
58739
49632
55450
79677
67681
77731
77746
79289
59071
77866
55543
79098
49536
65385
67813
26188
56414
49565
79104
55424
67677
79211
76889
26486
67691
79102
79117
79194
77749
65558
57583
55411
56370
79695
55546
67817
48231
57578
79348
59229
26340
67728
57648
77656
56459
55559
59757
76857
27498
49635
79686
79664
56368
59320
57647
59469
79350
49504
79254
65321
65366
49593
49219
79674
79685
67819
67680
67814
49594
79694
67725
77960
79183
26160
26219
55459
57562
57413
49170
59846
57586
49610
67729
77978
55599
79713
56472
67292
59514
77652
65375
55457
79199
57555
79286
57567
67468
57223
56470
49205
57078
56457
55597
67295
57080
79252
26452
26345
49076
79736
56462
65624
57399
49681
55234
76835
49134
79737
57072
55576
77767
59510
77654
59755
67294
67319
77791
67305
67475
77799
67098
55437
59269
59759
79261
65388
65307
49078
67304
79682
57368
77839
65582
67480
77871
65604
57290
49661
77855
49090
77797
77770
67307
77836
67472
67816
77723
49597
76829
67482
49596
48336
55218
77781
65599
67489
67377
79215
79256
55435
59494
65556
79868
67466
65626
77790
79297
49124
76831
59821
26388
79730
65589
49692
67316
79271
55237
67487
77704
49186
79872
67434
57076
65347
67483
55578
56479
49082
79733
65629
57074
49080
57299
57271
59519
67297
76833
65623
49434
79263
79874
65329
77716
49413
79725
67273
49196
65326
79856
79837
65346
55288
77833
77736
26215
26389
59823
26316
57250
77815
49088
65549
65627
49074
55232
55270
56477
49451
57234
67310
65399
79274
49456
67317
67308
65555
26203
67256
65554
77787
76744
49084
65343
79875
67157
65550
59889
77880
49086
65345
76779
65620
55286
48361
65597
79774
77796
65553
76547
33775
76872
79859
67473
26386
67271
59302
55262
76549
65594
65552
77876
67311
49685
67280
26382
77794
55291
49191
67435
65551
59872
65232
77887
77784
65614
55263
67433
26180
33428
55271
76473
65344
79853
49176
76534
79822
78148
35759
35794
65201
65199
77886
26384
65611
26197
77728
76865
76437
59329
79761
77756
67146
35767
67269
49143
77883
59505
79809
78136
35708
49179
49401
65396
79862
26131
49214
57392
78120
76870
67152
65510
78141
55257
49393
67278
55126
79804
26129
67169
76532
77889
49201
49439
76879
67147
67591
33442
35753
35799
55239
67283
65606
76768
77830
76479
26349
65195
26127
77793
67281
76863
76877
77709
77740
65197
76477
67598
35781
67592
55268
67590
55127
49163
78132
76530
55124
59556
67251
76474
57339
55278
55120
26122
78147
35745
26121
79865
79777
79871
26133
49377
55128
65618
67149
33378
59597
26125
33829
59581
67593
49326
67167
67596
35686
67150
35792
65193
67159
67229
72270
76470
26135
76770
65187
65203
26209
55122
78098
26123
67454
67246
76767
76776
65520
57319
76596
67599
59609
76467
55129
26969
65527
79848
67161
65183
65185
76448
35796
35716
67378
67158
65207
67127
67586
77776
76456
49429
35685
35683
67551
67363
67134
57334
65189
55118
72250
33790
79877
55131
67595
67361
35687
76751
76461
55296
33449
79790
55252
67585
76764
76761
67550
65205
67258
67245
65191
76756
55116
67126
76287
49324
76476
35638
67459
79843
67587
67366
67133
78199
26939
35764
35684
67136
55294
78112
67574
55283
77761
25997
76189
67259
55246
27798
55130
76593
25980
67125
78144
33334
76571
67577
67582
78730
76316
33803
79787
76773
49152
65462
76774
35789
35713
26931
67549
49356
65529
25946
35690
32351
49448
67071
76187
59555
76771
77773
35630
35689
26936
67368
27793
76777
55299
67112
78052
67365
26937
25996
49424
59557
67227
35619
49459
78166
67583
78089
55276
27801
67376
67374
61276
79780
65817
76599
79793
25999
72275
67105
67360
35688
49328
65239
67547
65474
33397
67240
76185
49457
35756
78126
76344
65468
76726
65719
79801
76149
76275
59909
67578
33330
67373
59602
67575
33824
25992
61479
78713
79771
68647
35236
59558
65428
79805
76135
67067
33332
26954
67354
35606
68623
67117
76351
72290
76706
76133
79879
76597
35768
65439
67069
65779
64560
67346
78733
33649
76332
76199
76661
72297
67065
67063
76137
78739
64589
27804
61279
76131
35614
26935
78087
35719
35239
25938
61389
78048
33129
32139
75337
64521
76359
49406
67141
67580
67059
68642
78050
33335
61462
59590
35644
78086
64584
27499
67165
68307
59939
78737
78664
49453
76139
59955
26919
67166
33619
64569
35647
68169
65479
68649
27777
35216
67061
76297
76227
35649
76676
61250
35641
35080
78183
33333
68159
76228
75323
78655
32361
68199
32289
35579
65830
79802
68794
33415
65795
76337
76307
64579
72226
27239
68804
67122
33647
72293
65812
61440
68305
33739
68766
78078
72280
35576
68163
27243
75335
59929
68161
35578
68782
35586
35580
76229
75334
33154
78176
65451
72175
68167
72285
68165
61267
65835
33142
65931
35116
33659
78658
61476
32257
35585
68753
64683
35232
28790
28777
27639
33615
76356
35625
72294
68775
33617
78727
68309
68519
64572
61350
59969
68219
27612
32130
49419
76327
78054
27572
33613
65843
27628
35075
64546
76689
78073
65929
25859
27580
35583
76646
68259
35584
65824
68809
27607
64653
35510
72178
76707
75210
60549
32339
75305
61273
32369
35088
33602
35444
78083
78056
64347
27568
78662
72296
68239
79798
33689
68799
33611
25863
35428
33604
65760
68723
32312
35633
75196
27809
64319
72213
33607
35102
78652
79807
33609
75045
35581
75389
68549
64625
72172
72160
25849
78628
60529
72299
61449
65936
33605
64331
75339
25924
78667
78736
28779
32609
64665
27476
65934
35398
34508
33758
32051
68229
64295
64404
64673
76694
68789
75217
33729
61381
68526
35582
33699
33161
75394
68542
27576
69123
68535
76669
27478
76698
65933
27570
61348
75203
78609
33719
27755
28755
27753
76709
25826
35108
60488
35452
60489
72227
75328
78187
32278
59964
60439
64646
69502
63263
27578
32120
35083
61191
69514
64390
69190
75236
72221
60528
64293
78647
60486
35435
27574
69181
61239
75385
69124
75387
78661
63225
35117
69469
63329
60326
61352
64297
60438
69207
75053
33813
28757
69214
78250
35094
35440
27259
32052
60327
75331
64342
64291
27619
72189
69221
60487
28719
27751
60437
28759
27749
75180
33181
69493
35041
75179
27211
27248
78607
72224
60431
78554
25881
35096
75015
63303
78194
33106
61169
75378
64285
78591
69198
72218
64283
76703
33818
28816
28197
35112
75228
75173
35457
69121
69254
69168
75239
72348
60325
60433
64289
69231
35392
60308
69115
60323
32107
75399
34519
60596
69120
27474
28237
60598
64686
60329
35066
64367
27232
75365
78266
35390
60320
27711
64287
27721
32584
28717
75172
60322
78669
35396
35516
69226
78549
75245
78594
33178
32049
72229
60306
75177
27616
60311
60313
72202
60310
69126
60312
75181
60435
60594
33104
72186
76684
60318
25718
35394
27472
69488
25867
25899
69242
27251
78606
27624
78247
78665
32832
60316
69509
61184
35415
72184
25927
78234
25836
60599
35104
64372
78532
60389
69117
60314
32479
78588
31603
75242
75175
60385
64397
34431
61118
72369
69517
32105
78595
35099
28259
64668
35043
32791
61231
25869
21776
78244
35519
28239
69234
69118
35460
25845
75248
72355
60386
33098
33102
35037
69251
32549
64658
60388
63069
33175
35418
64678
32108
75249
64380
63067
78262
64409
35119
34497
61206
72356
32602
75438
28857
72401
72351
27245
78559
27729
74918
35423
33165
75382
78573
35463
64846
63322
69245
75038
33189
28217
71131
78604
35091
63128
35085
69259
69253
78586
25842
35039
78582
75223
69151
75397
63065
71159
72108
63150
72367
64859
75433
72358
33100
21765
69250
32758
64807
72181
72359
74889
28199
63071
28219
28844
75443
72336
75233
31600
61200
69518
63075
78564
32545
78583
69256
75417
64839
78589
31606
64401
32469
28357
64405
71299
61194
27252
74909
71292
35469
63477
28865
25882
75059
78259
64354
72365
64385
71149
69483
74939
28201
78585
28195
75391
61138
71083
75449
75392
71126
28277
25920
32429
32760
63073
35410
25923
28215
69257
64407
78601
61203
71263
35447
32547
69239
27257
61137
78239
32657
35282
64689
69434
63165
25761
78224
25821
75057
28203
28209
34516
72361
72364
75031
78576
28279
61197
71134
32427
63110
78570
28359
75395
75446
25764
28213
25832
63179
27726
75056
21775
72149
28211
32457
35466
35274
72414
78267
21762
28205
61130
78253
75447
35110
71297
74927
71296
61209
21763
78592
64823
78598
74931
64395
32756
71116
72469
78269
27249
74915
35305
72415
78600
28207
32425
78337
64853
28329
71120
78603
25852
63454
74937
72362
32689
71154
64756
34477
35287
74374
64832
28309
72145
25870
35114
35285
74933
75428
31595
71287
72406
64760
63456
33184
74343
78256
35288
32805
71272
27305
74925
78359
69436
72459
72119
63486
74930
63452
71277
34474
72379
28327
31604
78580
78579
27330
27432
28307
28355
63674
78567
25709
71665
64757
63667
71139
32423
27442
63450
64753
27339
34414
71069
63512
35315
25774
78315
71735
63500
35321
25889
27246
78345
25917
27254
74934
28832
64732
63457
64739
34454
71157
64720
25813
69412
63691
21772
27321
71106
28325
74921
71034
25704
74397
25792
88637
88631
25856
72411
63546
75050
78333
64711
74924
74858
31592
78597
34513
35325
25724
63538
78343
74193
25797
74869
28870
63543
35260
25746
32839
72477
25926
63526
74912
72461
21785
28879
34549
34537
71254
63694
21782
71229
64850
32825
25719
28876
74906
63695
31675
33014
78357
72070
32694
21769
63533
21770
74363
31621
71063
21789
34630
72131
78351
72458
63791
71155
34439
71067
27327
74372
74867
71282
71088
72072
31737
63683
74389
63796
27412
74336
64747
33039
25693
71739
72116
72510
63654
71065
63517
21781
71032
64750
31613
63505
25776
35329
74252
72144
74847
88605
69439
63549
72076
21730
63811
71706
72417
74357
36320
25853
25541
78479
63762
25840
69429
32699
63755
71101
71093
72393
35279
34471
25858
71701
63801
74392
70839
72074
78476
72479
25795
63853
27318
69437
32683
27333
70569
31618
63679
25770
74928
25860
72147
74078
70825
78355
74862
31619
34632
74391
21745
63594
74369
74936
31711
24969
25715
33034
63814
63584
63931
27446
72810
88662
31608
25779
25862
74321
72475
74226
63579
25866
78354
64754
69427
24980
31691
74211
72127
27337
74855
27299
31715
70197
27404
70499
63785
24994
72135
70563
31633
31707
72474
31708
63741
31693
70565
25729
72488
70771
32816
78465
71732
31683
31628
74821
71111
63916
71144
31629
63867
34466
31609
63937
25884
63697
63843
31547
31719
34596
21787
74366
63776
88696
88639
70195
63868
36325
35327
71696
63939
72514
63743
34613
74838
31712
72419
74206
63699
25876
63571
31710
25873
74865
78467
74348
72770
74354
74399
72820
88634
72138
72141
63897
71679
70199
34434
74864
72124
34311
63864
70469
25785
70567
63911
25864
31655
63739
25727
31749
25885
74080
63688
74831
74081
70193
70439
70435
25878
31688
70597
63906
72827
71634
63924
34479
31718
36329
34628
63925
63834
21734
72631
36326
25855
71636
70192
63820
21726
74376
74379
63773
78462
27367
71691
21756
70806
21727
31855
31717
63589
31840
70176
37696
74834
74254
70178
25712
63839
31556
21755
70174
63826
74172
70794
27283
25791
72818
74388
27324
31582
72768
72657
70180
74382
21732
70599
70173
72793
88630
74394
25872
70191
72762
74257
78464
25879
34599
72519
36304
63768
70184
31812
72505
70437
63829
74177
70182
74842
70629
70376
63920
72667
27313
63808
31623
71638
72501
25887
25782
74385
31632
32676
72760
34560
63849
70190
74223
25767
70188
31714
70619
72513
74395
25850
71642
63607
34582
63840
70186
31626
71640
25572
63825
74072
25788
74076
31627
74074
70378
74360
72764
63933
34289
70329
88690
31553
24992
34308
72654
21712
70372
73760
72766
63934
88699
71711
21709
34396
72805
71726
63856
72511
88682
70327
70374
71672
71686
74722
27449
21706
31702
74229
74861
63863
63877
34637
72517
72800
63936
36369
74850
25721
36318
74235
72666
71723
21729
88709
88633
70736
37688
72555
31535
63636
72585
72829
36358
63599
31552
74199
73765
63872
24983
36355
31622
63846
70734
25725
63828
37671
34621
72658
34270
24852
25794
63633
88718
74189
31700
74743
73733
24861
24899
24997
72655
63927
24803
74731
31638
31787
88515
88512
21710
97896
72649
74196
34305
31698
34379
34590
63875
21737
31558
27308
72516
27356
31636
63857
74232
31515
25576
25554
71729
34626
71334
73734
88356
72531
72622
72663
24896
73728
31634
31699
34317
25584
36341
25594
71332
71717
72661
63874
74219
73770
88719
31860
97903
63619
71720
25596
74246
72813
73732
71336
24869
74251
63928
34281
63869
71394
25557
88697
74248
71737
71563
37647
31867
72669
74255
88677
63831
72664
24799
63871
24876
24963
72639
34633
73257
24887
31542
73730
88636
27336
72636
72581
34369
34388
31789
27386
71409
31559
31848
71546
24863
34295
34225
34576
74740
21714
21717
88090
72532
34393
63628
72539
74182
88367
25786
88693
36399
71384
74245
97833
63879
21698
74706
31868
97904
24955
71404
74626
71397
31785
73773
72574
63860
25599
74239
88499
34131
34292
71576
74243
36323
72644
97901
24855
63930
97909
37649
73240
21702
24870
24941
25799
73779
27383
73776
71364
34132
25573
34587
36396
24988
24976
88529
97877
63637
34128
71522
72660
21684
37697
37691
29664
63639
88271
24848
74746
88518
31555
72584
25560
71579
24872
88048
74736
21683
37699
74259
73207
73249
88521
73230
24806
34639
71543
97843
72534
25376
97859
25348
24939
97900
88348
29693
34385
30890
88377
88376
73265
73268
31637
25588
73630
24937
36280
97840
24850
25569
24817
34130
72525
27419
73277
73666
37619
37603
74613
72582
36367
37194
21682
71570
88374
97836
24885
88045
34314
34134
74749
73663
74249
24797
36154
97906
34246
88094
24805
88263
25524
34323
24800
97852
36287
25377
73650
25582
73274
31863
73252
24867
27374
73262
88379
74670
74214
21680
24943
71573
73269
34593
34376
97907
34119
74747
34121
36110
25585
74639
36381
36119
27389
24991
24944
34302
25591
88373
37639
24890
71560
71554
74629
25379
34277
97816
88361
73669
31832
34127
36364
25361
73266
72587
30974
73614
34117
24873
36137
97848
73635
24879
88046
88273
29690
71549
36103
36286
25578
73061
88213
34327
30826
34233
97846
30926
88370
34123
97839
37640
71577
74744
73278
24960
24975
97773
36275
88527
24860
21723
21739
97892
74535
88525
34399
97845
97953
73235
97828
24999
25358
34125
73066
34320
73271
25335
34212
89584
73275
24878
97778
36272
25575
21640
21644
24837
88097
24819
37170
25587
88074
34253
97851
25371
25593
71566
71540
37620
31020
89611
30823
30989
88085
24881
24866
72537
24986
34355
34266
88276
88422
73272
37627
73095
73101
25491
74632
88371
73110
25551
34326
37643
24787
24884
88069
88524
25566
97855
73660
36251
24811
25489
21641
97956
73119
73655
34260
36391
88079
97775
24791
25590
97737
73642
37586
97944
37642
34359
73349
88284
21646
25368
88214
21643
97791
24809
36041
24977
24857
88326
73117
25370
34346
74676
21720
36211
74238
73099
97922
25436
25597
37632
97788
74679
73087
74545
24816
97849
30900
97794
72589
89601
24594
34286
30827
89150
88212
37633
21258
97785
97941
73667
24882
73344
29699
74523
73035
97837
37635
74638
89617
24966
74420
24891
88427
21614
89597
97854
97842
88149
36166
21255
24813
30419
88250
36151
24768
29643
74653
36148
24894
88255
21635
73104
24808
30952
89607
21649
89604
72535
73547
88142
97753
36088
73098
73105
25336
74635
97799
34298
37235
73092
29640
97277
73033
24357
31008
30855
24784
73347
88287
73345
34329
31089
30455
37127
24782
88131
97264
97959
73553
25492
25548
73108
89613
36039
31036
37216
30453
97292
73037
22880
25364
74538
24989
88281
29683
25488
88448
73102
25365
97857
97280
36124
88285
37139
74427
73116
73342
36043
24893
88339
24358
25581
24401
36199
88099
73107
29614
89616
25337
74677
36037
24405
24783
21279
24794
30966
30457
89619
24864
88400
97834
24354
74417
21647
30669
24361
89143
97782
21259
73054
30167
88147
24888
88289
25563
31171
73114
88456
73326
74547
31073
30982
24392
25355
24972
97950
25482
97980
36282
89188
97797
37186
30459
30451
36100
30165
88368
36093
97225
24996
37217
30449
74405
24613
88441
24790
88138
36179
36132
30851
24793
97947
88279
97237
88433
73079
30179
24897
73529
30169
73337
89180
30853
73527
24802
24367
89191
30159
73084
97259
73113
25579
88447
29308
21629
29323
31028
88239
37124
97769
88267
73312
22559
74673
36277
37181
88364
37247
97786
30161
74544
74542
30163
97780
97783
73565
97267
31061
36157
30519
73333
30173
25373
89605
97772
24340
30171
97274
30175
25497
97297
97789
88454
21261
24576
73557
30177
97295
73568
88436
89608
37574
24616
73072
89155
97776
22587
73329
24796
73525
30657
73577
30880
21129
25421
88471
36145
36160
25495
31157
30916
21244
24402
97795
37284
24622
30625
22589
89614
30655
97762
24814
30938
24395
30559
97265
73550
24632
21256
22869
30659
25485
36219
97957
36167
37218
25494
30521
88145
74429
97270
74423
97999
89134
89160
88410
21147
25469
24589
21149
37079
73569
36129
30539
74549
88353
30627
21224
89610
88444
97249
36289
25462
97244
24360
37133
88437
24647
74595
24634
88175
29303
37213
37120
24407
73340
31079
25499
30629
22609
36163
36205
97268
74532
97271
24363
24409
97299
97250
24351
25451
37215
97276
97289
97291
24259
89173
73111
97996
36217
22549
24366
88487
37290
74541
74572
97204
89079
74575
24644
97792
97234
73574
31180
21274
97282
31084
31139
74426
97723
25474
37249
73575
36169
89558
97990
37242
37297
24649
24364
24646
22547
88178
97256
24568
29649
88480
88161
73571
29646
31319
74582
97261
88416
22607
22605
97779
97450
97209
88171
37176
73453
25486
31199
88260
29313
37214
22523
24214
24376
97082
89081
36214
97080
21266
36419
97232
37081
22525
21079
74424
24242
22761
31275
22457
36284
37154
73486
73560
31195
31137
21271
24631
25479
73540
36115
73579
36266
22763
97283
24398
24623
36269
88483
97705
36208
88299
21075
22527
97727
24399
24369
21077
73566
88179
22459
74586
37287
97222
31191
88430
89198
97285
88484
37083
74592
73572
88477
89185
31177
37073
88167
31303
89547
37077
97084
22765
21218
37075
37318
97070
22767
22455
22453
24537
24558
97072
97657
37581
97725
20457
97653
22769
97078
73563
37130
22848
22529
31134
89075
89179
74585
20257
21107
37085
97074
24640
20255
97255
22846
36414
74564
89197
24539
24582
24241
21228
36142
89195
20259
99837
89077
24107
97076
24536
24239
31135
37269
20359
22844
21227
97236
97253
21073
31141
31162
22335
89555
97535
20253
89194
24534
87534
20357
24251
89174
73457
20144
29633
29352
97688
89231
24598
20251
20459
20355
20146
89183
97993
73434
73494
97286
89171
97243
24247
22850
97218
21439
24629
88316
97294
20249
97199
88489
21217
97717
20149
89073
29225
24404
20354
97246
37589
22297
22415
97230
89182
97262
21272
20148
37296
22419
97656
36404
20095
29320
22299
21109
29223
88453
29229
88319
22301
31249
37276
24254
21220
20099
89233
88317
89186
20539
97228
89129
24109
22417
97440
22085
89189
73491
97288
22303
20097
97239
97273
22087
22851
89250
88481
74589
89165
31174
24244
21438
24626
24620
22339
31167
22337
88450
22083
24625
99834
97708
24643
22889
20535
97659
24229
89551
20537
22081
88486
89275
97647
24220
37293
22089
74599
22307
97241
37191
22305
89177
89269
24628
36452
21385
37136
23812
22309
98634
97650
97318
88457
24113
24161
88459
73489
21376
24111
73431
37308
36460
21442
73433
97729
21037
73479
24641
22399
29227
88451
22049
29336
24119
22177
31311
97618
21435
97337
73447
22391
87538
22041
73460
87547
29328
29221
22113
36469
97502
36466
22179
22397
97252
89257
22043
87452
73430
31188
38723
22111
74597
87480
97258
37434
97490
24637
22175
89287
37299
21388
87763
97215
89542
22047
97645
22119
97340
24106
97279
97505
87561
24145
22395
87700
89291
23826
97534
24619
89278
97720
89281
97714
97320
21423
22393
73432
24114
87764
36457
97724
21445
22159
91587
24116
21035
97702
97523
24118
22045
89518
24159
91541
22117
89284
87544
87758
37281
23863
89522
89520
89293
23845
91631
23866
74594
29339
73492
87474
87740
89264
37520
24635
24250
97654
31226
21033
99830
87509
91625
21441
29342
24103
24245
22147
24610
31241
22115
31228
24105
87751
31234
29348
97342
24143
91610
97464
31185
89340
87748
87773
22149
22359
97493
29358
22143
91628
37115
97247
87487
73463
22949
37199
31246
22145
89290
37539
89299
24211
29565
89296
22885
97616
24601
97537
89192
24148
21031
36433
87789
74579
37339
24147
87767
24146
97332
89346
29361
97424
37197
73488
24149
29356
89537
97334
91620
91583
97456
87737
22941
22926
89176
91607
89294
97517
29345
29359
98617
97506
24248
38729
87730
99817
91637
38271
38272
87448
37359
97711
97520
29331
24226
98590
21509
97348
97509
89168
97350
21039
99831
99976
89297
87463
87734
21444
24222
23816
87785
23867
99819
38279
97359
21394
87527
73466
21029
24232
97421
87779
87766
99988
97422
89564
98597
24223
23795
91616
73450
91550
23829
38277
87727
89335
87760
24235
97638
21465
29355
21449
31224
89568
86498
97532
37327
73499
87752
89347
37351
89312
87787
91555
91635
97640
87761
23869
89567
38228
91605
89359
87439
87743
97355
97469
87749
38274
97525
97346
24253
97526
23843
22962
87781
22946
29353
24326
87549
36456
29578
91465
87545
29364
91608
38268
97353
98574
22927
87784
73495
37412
91592
89428
24638
89367
21391
97453
91478
91626
38685
38536
73441
99826
87770
38678
89352
91601
87724
21358
38275
87736
89447
21521
91593
38709
21386
89423
73485
86488
97508
87755
87435
21409
29351
97447
23824
23813
22967
87493
38229
38259
86519
91484
86491
38176
24217
38159
89441
86489
29362
22955
89429
97529
36448
97357
89561
21529
22929
99986
87437
97511
87746
73497
89431
24256
38539
87477
98639
38704
21360
22969
21447
38226
21502
21357
91578
22961
97633
29582
22965
87776
29556
89362
87490
91589
21436
86480
29593
97488
91614
38644
87471
99848
86476
23827
97503
89358
87541
89437
89364
99842
87496
23847
23823
89331
87466
29574
24306
21339
86381
91477
91613
91602
21406
87733
23818
22952
37355
37345
21335
87739
38543
98631
23821
91438
91634
29581
24238
91598
22964
21526
87769
89415
87497
91471
87488
37431
87671
73467
87754
38707
89446
99974
97499
21395
29367
38542
38239
91483
22958
98596
87634
97516
97497
99820
38530
97519
89355
29393
91567
29369
89426
29553
91599
97531
99991
91617
22956
89349
87499
89350
73469
87757
21524
89343
23858
97491
91749
29365
87778
21382
38640
86742
99880
91443
29587
38179
97539
86505
86513
99846
97513
21337
38528
87772
91744
86735
97631
38112
91611
21407
89356
23715
91731
38116
24257
91619
23815
96160
86739
86757
89344
21365
97437
38642
38518
23619
86720
89365
38312
38120
91596
24321
21481
38122
91632
87782
38304
21493
87719
86470
87647
22959
21403
91472
87653
86748
97486
87742
98547
96157
21527
29559
89407
21380
98593
97478
23820
87775
38551
21483
23623
23898
87484
98630
24329
97494
38690
91522
87459
98530
96181
86483
89368
87657
91413
97461
21379
99998
99891
89435
38533
89353
29525
87648
38315
91604
37444
37445
99755
29386
91463
38110
29576
86745
96152
38559
38531
89361
99869
87654
38114
99759
86747
91725
91474
23714
87745
99947
99713
38667
91726
23719
38118
89438
91572
91717
91460
29585
29392
86657
38124
29549
86424
21397
99996
86473
37441
23881
86756
99752
89440
87650
21522
21516
91459
87494
91480
86441
21400
86741
86874
86479
29399
38100
23860
38527
97528
89420
96154
99894
86736
38302
98587
38106
23896
87616
38102
38108
96132
86450
87660
86753
38300
90619
91740
97514
86732
23617
38126
91622
86738
99897
87674
29579
86871
38550
86751
86865
99887
86868
23701
86825
87637
38104
91456
99994
87663
98544
29575
91481
87600
97475
98660
98529
21514
38700
38524
23560
38321
86877
38835
23556
86637
91595
91629
86863
97522
38324
87666
38553
29394
86759
91743
38879
98646
86754
86733
38871
97496
89434
91722
96126
87629
86842
23919
91468
21398
98663
86850
91487
38162
90599
19258
99735
96106
38173
24327
91746
90616
38547
38319
86866
21401
38165
29389
87640
86833
97483
96185
29396
86465
91737
86744
87659
23684
91623
23628
21354
29591
86872
96138
86514
89443
86655
23558
99706
91486
86660
99867
86497
97500
87668
29379
21368
38329
86750
38875
91747
99885
29599
98553
91586
86647
29590
86845
29588
86494
38557
87656
23611
23629
86860
91448
91710
38322
91732
38442
38855
23879
38170
91580
86879
98559
23717
86500
91462
38327
87665
23554
87672
29378
91466
86502
96166
87675
23689
86830
86650
38556
86854
87669
86685
23911
23883
29584
38877
91590
86459
86609
96193
91805
98527
86399
29562
96151
87651
99734
86807
96176
23552
86486
23909
91452
23627
91728
87677
86477
87679
86853
91719
86856
23562
96170
91639
86869
23564
23899
98528
23568
38554
87645
91735
99958
91475
96188
23744
23758
38468
23566
86862
23626
23569
86485
23730
86420
87662
96476
96191
96172
86709
91560
91489
23683
38444
86975
38154
29594
99955
38477
38479
90579
29571
99768
96173
38325
38476
91469
96145
86681
91729
86687
91723
19273
23669
86482
96184
38440
96194
86690
87642
90613
86368
86983
96169
38448
91575
91315
99330
86875
29597
86980
38899
23923
86920
96148
29473
91757
86456
98669
91085
91097
29413
96120
86859
96178
19217
86356
91564
86987
86517
91802
86700
86405
91734
86199
86678
21369
86977
96161
99100
86707
98673
86462
86925
86695
21371
86984
90556
91086
86836
23738
38473
38889
96182
38446
96135
86857
99718
99765
86663
99331
38384
96190
86391
86986
86653
91741
86675
91801
86989
38836
29465
86944
86899
96158
90617
98716
91074
91738
91720
19246
98667
96484
38465
38375
23570
38471
38467
98693
86507
99334
86682
90614
90574
91350
96479
86972
98694
96049
99192
38382
86156
96052
96103
90587
86698
91793
96179
38387
38474
38489
29499
98666
91174
96164
99338
29459
86679
86916
91093
19260
96274
38381
86971
38464
86157
91091
91799
86937
38470
99090
91183
96482
86343
86956
86179
29490
96047
91189
99092
38376
99189
38895
86978
91325
86447
96149
86946
86154
38373
86688
86981
91792
90513
82467
86672
86694
96269
99310
86508
86641
86159
96250
86932
38461
91785
86152
86150
38368
86153
86692
38822
86947
86934
06536
86169
38364
86929
06502
96450
23743
91781
29496
91341
86931
38378
90768
86444
96050
98701
23942
06493
96175
86161
91126
29456
38458
96486
99707
29468
82409
38462
86511
86167
86940
96163
96114
29410
82401
99634
86504
96199
86704
38350
91352
86165
96253
86684
91056
96231
82442
19205
29481
91334
86974
38379
91336
96117
91788
86703
23774
90547
86674
86928
91096
82488
96129
86943
82491
99094
86163
39646
86316
91804
38486
90522
38838
96528
39393
86415
90766
86438
82269
86935
86643
82389
86492
38459
23777
91166
96110
82383
91187
99195
82435
98746
91807
86911
90765
86923
29482
91186
82405
82475
38820
96146
23779
29479
82497
99091
19243
99631
96123
91353
91058
96489
96215
99095
91798
38372
86554
86949
82297
06537
90762
23936
86666
90763
96487
86574
99326
91052
19249
39356
96472
91083
82487
90427
90449
90453
23749
82272
99638
91054
96271
86453
29487
91088
86510
86922
90431
23775
99089
91301
98724
99097
23769
29451
91330
07426
99084
90429
99102
39365
86551
99087
86573
96155
82380
99086
99096
90451
99610
86568
23948
91080
23746
29416
91094
86676
19230
90441
85132
82433
91796
90562
06578
86941
96237
91154
91809
90419
82490
99085
90439
39359
86919
90425
82278
90455
96465
91795
99099
82449
39397
91099
86926
23747
91790
39649
29462
91180
39343
90411
86495
06567
06485
90443
06484
82299
86697
38829
82276
86570
82386
82293
82399
82362
82398
29439
99098
91332
86938
90469
90402
98744
90408
82496
90403
90459
86559
06526
91090
90461
91077
82445
82407
90530
91361
90409
96247
19303
90478
82285
90489
90596
99198
96196
82436
96167
82279
85111
06577
19209
90491
96242
90471
82287
96279
82288
86633
90480
91365
96187
86577
90482
96523
85235
96515
91320
82438
91161
82291
82211
82266
82294
91369
82396
29472
82418
86669
38828
85131
90473
99448
91356
86701
86529
86556
90475
39387
85072
96524
96272
82281
82346
82284
99428
91358
91364
85135
06528
23946
90542
29476
96260
91359
07429
91338
82290
85128
19073
96275
91362
90537
29488
82481
82493
91177
86673
39345
86571
85250
82229
90584
07427
82237
90571
96277
82296
91322
96257
99438
82256
99625
07407
96264
82441
96268
82447
82390
91207
85116
07422
82327
91347
90602
82216
82395
86576
99439
07318
96142
29497
29494
82494
91346
06343
06556
90552
96224
39638
86562
86565
39164
06543
91349
06463
90592
19071
82205
82402
19288
29484
85254
85259
19294
90607
82234
39624
06458
82499
98743
82239
82319
85253
96328
23968
82343
29485
91327
19075
99427
91367
82347
86561
06466
86668
96355
85137
82439
99628
99444
91171
85114
96197
82387
96342
85049
90610
86567
91344
82392
06467
85110
82340
82275
92342
96332
82432
91220
96317
90559
19309
85122
91227
85117
82444
99425
91355
07330
95359
82393
82131
85232
86706
91286
96361
86564
82140
85229
06571
85125
23966
82223
85247
19069
83676
91245
95515
96369
85302
19057
95336
86579
96337
99636
91233
82541
82404
82110
23996
06456
99423
06469
06449
85051
90518
39619
29491
82349
91242
82152
92353
82431
06542
29471
82178
82335
19077
29475
85080
95349
39444
96352
83661
06464
86558
82377
85123
06333
39448
85113
95491
92361
83671
99510
39340
91282
91278
96364
99441
92334
95490
82194
96358
91244
07333
19061
91238
82547
95326
39167
81249
85305
06647
19055
39435
91239
92348
83673
85139
23999
92360
91241
92318
07338
19059
85057
85258
85055
95488
29478
85298
85221
91217
92339
85276
23972
82057
19053
06268
92369
96349
39628
83670
85244
82515
06642
82166
85134
82549
82061
82069
85095
81245
82538
06313
95365
07349
85293
81243
85256
85241
07768
19300
85238
91257
95496
85309
85757
82067
85084
85101
91235
85107
85077
80999
85053
82544
96367
96346
19063
91230
95512
91287
07751
81247
23970
85120
81241
06308
92283
91247
39171
19086
19067
91224
85304
95355
06295
39326
95346
80997
82065
07387
96365
95503
06648
81377
80689
81375
85092
06311
19079
83646
39606
81475
92364
82064
83623
39629
95369
80995
99518
23974
07343
95361
80638
07368
95367
80687
80639
92367
95511
91236
81476
19065
95500
80992
82049
85098
91284
29493
85296
80686
39517
81477
39615
85411
95445
85764
39446
19306
80993
95473
81379
81479
85777
07745
85778
93336
39418
82031
06347
92275
18230
85716
92345
95494
81373
39116
81369
07389
80634
95447
19417
06279
80637
80339
95339
95179
85307
91249
95463
80636
07743
80809
39110
39179
92363
95131
80935
07381
92358
85119
85290
95364
82041
81371
95358
92268
80335
81545
80337
95499
91275
80336
80797
80933
07778
85283
07366
91289
39439
23992
85402
81543
19357
85088
39130
92355
19089
95362
95448
07356
85391
06317
92262
83674
80469
95444
80333
39443
92281
80798
85129
18233
81547
80796
80937
80331
85301
80804
80807
82054
95356
93349
80799
95502
39576
80801
81541
85386
39120
81539
80803
80939
80539
19412
80538
80802
81549
81669
39128
07749
39118
82024
80805
81667
39112
83677
95352
92259
81675
82008
85376
39108
07747
93339
06638
95138
85748
83708
81679
95233
83679
06636
06425
06628
81671
95460
39221
39122
85375
06420
81925
06632
07929
81677
85579
83607
81673
85414
81737
39104
95509
81735
19372
95517
07774
07646
83666
83624
92280
39126
19322
85649
95119
39124
85774
81927
95466
92278
91281
85104
19374
39106
81929
81739
07924
85126
39114
95192
06408
92655
85354
81825
95497
95236
83707
85521
85737
07806
06406
81829
84089
93333
84072
06429
93155
85395
39218
92265
92331
92237
81827
83703
95213
85609
95482
83627
39579
07907
95197
85662
85640
85399
06198
39291
85406
95188
07616
84048
19348
95519
18225
85635
85540
84104
06618
39175
92289
06179
85653
85622
95152
39240
95469
85356
06246
93309
18236
83626
83684
85630
92277
95493
07926
39288
92249
92256
85551
06249
85452
07922
92676
19370
95180
39217
07619
83700
95239
92260
95485
06193
93176
85464
07927
39245
84094
85591
85652
18246
92284
85658
19406
85405
39249
07819
85445
06255
93351
93343
92366
85586
18209
83629
83714
85417
85599
92224
95191
85598
95176
85467
93354
85604
18239
85667
83734
93358
95514
39596
95189
18249
93326
83727
95686
84091
85416
85410
83620
95505
93346
95030
95234
85462
07629
85646
07639
92245
84106
95163
19376
95237
06242
85625
07607
85413
95694
83737
85570
19336
92274
85665
95183
92266
85614
85368
39264
18211
06388
95478
93164
06667
85560
95126
07613
06369
06386
92724
95508
16928
85419
92271
06120
92286
95709
93183
95506
07589
85435
95032
93152
07955
06126
95682
06721
93180
85457
92287
92242
93342
07919
07586
93182
92272
39590
93359
83052
85567
93348
84076
95145
85661
07937
19339
06682
83730
95158
39279
08538
84101
85459
85408
07570
06259
06217
92700
95697
85669
06124
93161
95028
06258
95683
19386
93352
92690
06122
85465
06128
16949
39317
83075
92263
83735
06118
85617
07952
85659
08539
83104
95632
95182
85469
85447
95195
06366
93133
19399
85461
93345
07950
93188
95700
85664
06132
93195
85456
06108
95168
83043
84056
06722
06114
95185
84095
06110
95704
06385
84079
92729
06130
39319
95111
85656
84107
93186
07557
92720
92421
93356
92702
95679
93077
06237
18198
92708
95100
08606
92681
39307
18276
95194
06112
92253
06688
18107
84085
92269
18258
18069
93080
39524
06188
06116
84172
85643
18059
83553
07548
18119
06686
08527
84174
84424
83059
93128
95680
84435
06780
92711
84098
83098
06712
93138
16945
06679
07554
84034
84434
83064
18106
18109
83080
06184
39539
39261
83109
83550
83088
93049
07958
07552
95615
84097
92546
07957
93059
95186
83558
93158
93051
07549
84032
06231
84416
83026
92665
95173
84439
83126
08548
06711
16866
92703
93142
95688
07546
95199
08525
83539
92694
92637
93053
92706
84184
84405
18057
07551
84186
84030
92533
07545
83544
92521
83024
84427
95707
93107
93047
83135
07973
84088
08523
84432
93197
08626
18147
92670
92507
83543
93057
07980
93083
84069
92551
83533
83527
95689
92536
08547
84036
93055
83022
07985
06847
92717
19395
06862
95701
14715
18196
83561
18273
16845
83562
95659
83115
18055
18146
84066
84051
83101
83131
92449
06846
83569
93173
95676
83071
07580
92712
92442
08543
92660
93149
83134
84028
84169
95691
84061
84171
06729
08529
83122
04420
04509
83556
92548
93096
06861
07987
92718
06794
93105
18299
93170
92715
83564
06796
06779
18292
83512
92721
93087
83083
95685
84181
18182
93095
04435
04523
93073
18181
06766
95706
08541
95666
93101
93092
95692
93093
18184
92699
83549
93098
84144
06792
08645
84149
83139
08491
95703
84437
83536
92439
04626
92685
83137
06809
84419
83547
84166
06842
14828
92436
92555
92705
92431
04539
83128
08428
06844
92543
92540
14712
95652
04617
83093
06849
84082
83112
93089
04205
04442
04178
08648
92648
04207
08499
83229
14793
08451
93090
08261
04249
04159
95643
08239
84428
08233
04610
83567
06868
06803
08412
93177
92727
14827
84103
92723
83123
04158
08223
08468
84092
14728
84137
14789
84100
17209
08258
06800
04209
04613
18347
93102
06749
83253
06808
92447
84189
83209
18279
06785
83555
83129
83546
16909
17214
84431
08485
94333
93104
04179
18190
18311
93192
14727
84544
06869
04519
84178
83233
83559
92696
04177
08427
08496
06774
84109
04229
93109
92545
84539
84564
04416
93189
83530
04575
84152
93086
06772
93179
83132
92552
84187
92445
17213
08209
83259
83119
08459
18195
04105
06773
04603
04277
95698
04155
04564
83125
04109
92697
04157
84155
95671
93194
84555
83254
84183
84175
18337
04565
04639
92709
93099
04107
04275
14774
92542
08267
08228
92714
93199
93426
08236
04129
04600
04279
84573
83224
08115
92526
04103
84478
04356
84164
04347
14778
95695
84559
04315
04571
04317
83257
84180
08262
04357
84574
17194
04299
94368
04463
04289
83250
83370
14798
04318
83256
93191
83246
08058
08393
93167
08144
92554
84168
04349
83358
83361
84494
08060
17168
94369
06901
84546
83236
08248
16868
17166
04316
08056
08107
08237
84130
84562
94339
04328
14806
18375
18334
83342
08064
94356
04288
94345
83242
04329
14772
83352
92559
04552
92693
92726
08062
14776
84453
93491
08304
04425
04319
14770
08147
84549
94348
18317
84570
84140
92539
84163
94344
84565
08328
93185
92444
83376
94315
08112
94351
84160
08132
04838
06886
08371
04849
18320
83339
06888
08066
08309
83308
04451
83355
14797
17179
04654
84177
04618
08396
04567
92557
17207
83324
14662
04683
08141
08373
93483
83346
83301
94419
93464
16818
04824
18356
08134
14823
84513
94330
94431
83371
84518
83365
93488
93489
94437
84568
06889
94377
93413
83368
94365
04827
17192
04668
83377
84550
84323
04651
93482
94350
84577
08289
04821
93455
84579
83278
83374
09356
18314
84576
94347
94372
94363
93492
94375
83349
92549
83313
09350
08321
84552
06905
84503
04828
09337
84543
93449
14822
84558
09322
94359
04643
14641
84326
17139
08118
94405
84508
94360
08301
93494
94327
18374
84339
09212
09376
08324
16837
84556
94354
04808
08349
16833
84553
09394
83362
83329
93497
94436
08280
14550
04687
94342
84524
17248
94357
83373
83379
94522
04680
94336
94353
84571
84529
09355
09353
84335
08315
93499
17252
09328
09366
08340
83458
93486
08359
18465
08294
84307
14929
09243
93495
18469
17154
04880
06895
09306
83334
93477
09385
94362
84333
93466
84567
94371
09224
84547
83364
18461
93468
04862
14669
16816
83317
84329
09399
94428
09241
18513
93437
84561
94569
94424
09217
94559
83417
84489
08297
09232
94267
83454
93473
17159
08344
83367
94366
94563
14913
83413
94379
84332
16831
16827
18442
06917
94553
93476
83486
09387
14547
84337
94374
17153
94562
84533
09117
83435
04860
14542
09247
94262
93444
09221
08352
09380
09249
09236
09228
84367
09481
06925
93485
04889
94560
83451
84389
09116
94447
94234
94527
94574
17237
16766
94250
83410
04703
14548
93479
94505
17255
09235
09484
17219
09114
09468
09326
17111
94526
84378
09390
09648
94439
04779
09123
09122
93458
16835
83404
94469
83416
09244
09119
83457
18445
09474
09392
83483
09120
04746
09113
14476
09423
84381
18510
84375
09112
84387
94533
84347
14656
09427
93480
09419
14621
04774
09125
09487
94486
04769
83471
09111
93471
09465
04861
09126
84371
93453
17235
09131
94554
09130
94265
94239
04886
14469
16775
83395
94244
84359
94539
09127
17109
09488
84384
14947
14554
04736
17091
93474
18516
09439
94256
18507
17217
14552
09456
09430
14471
09577
16727
09128
94501
84364
09661
17121
09669
14624
94550
18437
04720
94255
94557
83487
14612
84385
94253
14473
94571
09471
93462
09429
94577
09405
94491
09573
04758
04874
16798
94166
09557
04749
09432
18435
14467
93470
94249
94209
14558
04916
09437
94530
09518
09477
18565
14478
94140
14482
18439
14943
94149
09434
04741
14959
18519
94542
09579
94551
17039
14109
94137
94474
94264
94547
14089
94544
14480
18573
94541
09514
94086
18569
09496
94259
13591
09569
94094
94508
13587
17089
16515
94252
17033
14974
18574
14532
04895
13593
13589
94496
94269
16761
13581
18556
14129
94227
13583
94572
17087
16767
13595
04931
17094
17129
01616
94532
14193
13585
01594
09509
13597
09575
14055
09600
09603
94535
13503
94575
01591
16556
17258
94148
13505
13599
01623
16792
94579
94072
94261
14163
17498
14053
94258
09618
14165
94167
01683
94060
01619
16540
14513
94099
14052
94548
14169
09526
01587
17279
14979
13629
13507
16547
14050
04924
16559
17034
94529
94081
14195
13405
14167
94169
13465
17126
09599
15936
13627
04938
14057
14059
17036
10711
94536
15837
94518
14199
01589
12205
13467
13509
94513
94538
16562
94113
18528
15806
04936
10589
12203
12207
10627
10709
10629
10585
15838
14197
10587
10713
16567
13469
13437
13403
94036
16548
12163
12165
10707
10625
09629
94163
10553
17506
12209
13351
09634
10623
10719
12167
10717
17489
12161
10715
17268
17493
12169
09638
12247
13353
01665
10555
12157
10551
12159
09633
13435
94104
10789
10777
13349
10779
13407
10787
12249
10825
10557
13439
01609
09619
03253
10827
12279
10559
17391
10829
15827
16552
94127
15831
10823
10781
94154
13158
01612
10785
94034
13347
94481
12277
10783
17349
12105
94161
13409
12307
12103
13359
12101
10115
12107
94152
13159
10965
94566
13357
18581
10117
94568
13156
10963
13355
09627
12099
12109
10961
10969
12305
17392
13187
15834
17348
94157
10178
16348
10439
17491
10119
16244
10437
10435
12349
04932
10179
13127
10967
12309
17098
18551
13189
09548
15938
12347
10999
10405
12049
12051
01561
12529
10997
17495
10249
17099
12047
94032
01723
10243
10407
01662
12043
12053
94142
10409
13089
94160
01737
13086
09544
94116
12045
12353
13129
12359
12351
94121
12059
12435
12055
12057
94556
94545
10245
13125
09623
13088
15749
10247
01558
01774
10369
12437
04910
10317
13053
16321
12355
94133
12357
10367
10365
13055
16341
17509
94078
13051
01689
12487
94124
17390
10319
12459
12439
10315
16356
13059
01640
10318
15926
94151
03249
04934
94136
13057
12524
17291
12681
12489
03238
01762
18609
01738
18546
12526
12683
12685
15755
12679
94051
94065
12689
12555
04928
12687
94130
12527
12557
15738
15732
12621
94146
15711
12619
12623
01156
16359
01705
12629
12559
94107
01744
01445
15741
15746
18586
15745
12627
01734
01468
12587
94143
01776
16247
15366
15757
17389
17337
01979
94158
15910
94118
15712
17438
15713
01157
01169
01773
17398
01471
12589
16225
01139
17440
01187
16230
01768
15566
15345
17335
15754
94145
01159
01189
94164
01728
01990
15537
01067
01129
17379
03246
94089
01731
16227
01109
94110
01945
15370
01069
01127
01217
15569
94139
01097
16259
15528
15748
15562
01099
01108
01219
17449
01307
01936
01239
01458
01309
01277
01809
01778
01237
16278
15907
01257
01987
03205
15378
01326
17309
01279
01825
01259
01324
15344
01465
15859
17406
17375
03222
01998
16248
01328
01994
01993
01816
01454
01819
01983
17454
15913
01796
17358
01968
03229
17459
15377
01477
01896
01920
15864
01833
15517
15526
01847
15374
01900
17429
17373
01829
16269
15518
01996
03226
01917
01824
02994
16306
01909
15848
17419
02991
17367
01848
17326
03103
01814
17322
02977
02979
03096
01877
03116
17328
03099
17424
17321
01906
15320
16303
03119
01844
01855
02997
17329
15306
15868
03130
02633
03185
02699
16307
01904
15324
03055
03044
03048
03046
02999
03058
15236
03051
03054
15299
15326
03050
02625
03042
02627
02681
02692
02689
03052
03053
03172
15234
02694
15328
15890
02959
15295
03197
02943
02733
02736
15898
03149
02742
15230
15232
02708
03159
02730
02782
02953
02727
02906
02794
02799
02739
02779
02791
02957
02796
02894
02747
02763
02956
02797
02785
02748
02923
02788
02829
02899
02929
02827
02828
02826